0 33 36 27 15 43 35 36 42 49 
33 0 21 12 27 40 9 13 26 40
36 21 0 26 22 36 11 18 17 29
27 12 26 0 32 30 12 23 17 35
15 27 22 32 0 29 2 22 8 19
43 40 36 30 29 0 17 43 6 11
35 9 11 12 2 17 0 42 29 23
36 13 18 23 22 43 42 0 21 19
42 26 17 17 8 6 29 21 0 34
49 40 29 35 19 11 23 19 34 0 